PokedexId|i	Index|i	PokemonId|i
0	1	1
0	2	2
0	3	3
0	4	4
0	5	5
0	6	6
0	7	7
0	8	8
0	9	9
0	10	10
0	11	11
0	12	12
0	13	13
0	14	14
0	15	15
0	16	16
0	17	17
0	18	18
0	19	19
0	20	20
0	21	21
0	22	22
0	23	23
0	24	24
0	25	25
0	26	26
0	27	27
0	28	28
0	29	29
0	30	30
0	31	31
0	32	32
0	33	33
0	34	34
0	35	35
0	36	36
0	37	37
0	38	38
0	39	39
0	40	40
0	41	41
0	42	42
0	43	43
0	44	44
0	45	45
0	46	46
0	47	47
0	48	48
0	49	49
0	50	50
0	51	51
0	52	52
0	53	53
0	54	54
0	55	55
0	56	56
0	57	57
0	58	58
0	59	59
0	60	60
0	61	61
0	62	62
0	63	63
0	64	64
0	65	65
0	66	66
0	67	67
0	68	68
0	69	69
0	70	70
0	71	71
0	72	72
0	73	73
0	74	74
0	75	75
0	76	76
0	77	77
0	78	78
0	79	79
0	80	80
0	81	81
0	82	82
0	83	83
0	84	84
0	85	85
0	86	86
0	87	87
0	88	88
0	89	89
0	90	90
0	91	91
0	92	92
0	93	93
0	94	94
0	95	95
0	96	96
0	97	97
0	98	98
0	99	99
0	100	100
0	101	101
0	102	102
0	103	103
0	104	104
0	105	105
0	106	106
0	107	107
0	108	108
0	109	109
0	110	110
0	111	111
0	112	112
0	113	113
0	114	114
0	115	115
0	116	116
0	117	117
0	118	118
0	119	119
0	120	120
0	121	121
0	122	122
0	123	123
0	124	124
0	125	125
0	126	126
0	127	127
0	128	128
0	129	129
0	130	130
0	131	131
0	132	132
0	133	133
0	134	134
0	135	135
0	136	136
0	137	137
0	138	138
0	139	139
0	140	140
0	141	141
0	142	142
0	143	143
0	144	144
0	145	145
0	146	146
0	147	147
0	148	148
0	149	149
0	150	150
0	151	151
1	1	1
1	2	2
1	3	3
1	4	4
1	5	5
1	6	6
1	7	7
1	8	8
1	9	9
1	10	10
1	11	11
1	12	12
1	13	13
1	14	14
1	15	15
1	16	16
1	17	17
1	18	18
1	19	19
1	20	20
1	21	21
1	22	22
1	23	23
1	24	24
1	25	25
1	26	26
1	27	27
1	28	28
1	29	29
1	30	30
1	31	31
1	32	32
1	33	33
1	34	34
1	35	35
1	36	36
1	37	37
1	38	38
1	39	39
1	40	40
1	41	41
1	42	42
1	43	43
1	44	44
1	45	45
1	46	46
1	47	47
1	48	48
1	49	49
1	50	50
1	51	51
1	52	52
1	53	53
1	54	54
1	55	55
1	56	56
1	57	57
1	58	58
1	59	59
1	60	60
1	61	61
1	62	62
1	63	63
1	64	64
1	65	65
1	66	66
1	67	67
1	68	68
1	69	69
1	70	70
1	71	71
1	72	72
1	73	73
1	74	74
1	75	75
1	76	76
1	77	77
1	78	78
1	79	79
1	80	80
1	81	81
1	82	82
1	83	83
1	84	84
1	85	85
1	86	86
1	87	87
1	88	88
1	89	89
1	90	90
1	91	91
1	92	92
1	93	93
1	94	94
1	95	95
1	96	96
1	97	97
1	98	98
1	99	99
1	100	100
1	101	101
1	102	102
1	103	103
1	104	104
1	105	105
1	106	106
1	107	107
1	108	108
1	109	109
1	110	110
1	111	111
1	112	112
1	113	113
1	114	114
1	115	115
1	116	116
1	117	117
1	118	118
1	119	119
1	120	120
1	121	121
1	122	122
1	123	123
1	124	124
1	125	125
1	126	126
1	127	127
1	128	128
1	129	129
1	130	130
1	131	131
1	132	132
1	133	133
1	134	134
1	135	135
1	136	136
1	137	137
1	138	138
1	139	139
1	140	140
1	141	141
1	142	142
1	143	143
1	144	144
1	145	145
1	146	146
1	147	147
1	148	148
1	149	149
1	150	150
1	151	151
1	152	152
1	153	153
1	154	154
1	155	155
1	156	156
1	157	157
1	158	158
1	159	159
1	160	160
1	161	161
1	162	162
1	163	163
1	164	164
1	165	165
1	166	166
1	167	167
1	168	168
1	169	169
1	170	170
1	171	171
1	172	172
1	173	173
1	174	174
1	175	175
1	176	176
1	177	177
1	178	178
1	179	179
1	180	180
1	181	181
1	182	182
1	183	183
1	184	184
1	185	185
1	186	186
1	187	187
1	188	188
1	189	189
1	190	190
1	191	191
1	192	192
1	193	193
1	194	194
1	195	195
1	196	196
1	197	197
1	198	198
1	199	199
1	200	200
1	201	201
1	202	202
1	203	203
1	204	204
1	205	205
1	206	206
1	207	207
1	208	208
1	209	209
1	210	210
1	211	211
1	212	212
1	213	213
1	214	214
1	215	215
1	216	216
1	217	217
1	218	218
1	219	219
1	220	220
1	221	221
1	222	222
1	223	223
1	224	224
1	225	225
1	226	226
1	227	227
1	228	228
1	229	229
1	230	230
1	231	231
1	232	232
1	233	233
1	234	234
1	235	235
1	236	236
1	237	237
1	238	238
1	239	239
1	240	240
1	241	241
1	242	242
1	243	243
1	244	244
1	245	245
1	246	246
1	247	247
1	248	248
1	249	249
1	250	250
1	251	251
2	1	152
2	2	153
2	3	154
2	4	155
2	5	156
2	6	157
2	7	158
2	8	159
2	9	160
2	10	16
2	11	17
2	12	18
2	13	21
2	14	22
2	15	163
2	16	164
2	17	19
2	18	20
2	19	161
2	20	162
2	21	172
2	22	25
2	23	26
2	24	10
2	25	11
2	26	12
2	27	13
2	28	14
2	29	15
2	30	165
2	31	166
2	32	167
2	33	168
2	34	74
2	35	75
2	36	76
2	37	41
2	38	42
2	39	169
2	40	173
2	41	35
2	42	36
2	43	174
2	44	39
2	45	40
2	46	175
2	47	176
2	48	27
2	49	28
2	50	23
2	51	24
2	52	206
2	53	179
2	54	180
2	55	181
2	56	194
2	57	195
2	58	92
2	59	93
2	60	94
2	61	201
2	62	95
2	63	208
2	64	69
2	65	70
2	66	71
2	67	187
2	68	188
2	69	189
2	70	46
2	71	47
2	72	60
2	73	61
2	74	62
2	75	186
2	76	129
2	77	130
2	78	118
2	79	119
2	80	79
2	81	80
2	82	199
2	83	43
2	84	44
2	85	45
2	86	182
2	87	96
2	88	97
2	89	63
2	90	64
2	91	65
2	92	132
2	93	204
2	94	205
2	95	29
2	96	30
2	97	31
2	98	32
2	99	33
2	100	34
2	101	193
2	102	191
2	103	192
2	104	102
2	105	103
2	106	185
2	107	202
2	108	48
2	109	49
2	110	123
2	111	212
2	112	127
2	113	214
2	114	109
2	115	110
2	116	88
2	117	89
2	118	81
2	119	82
2	120	100
2	121	101
2	122	190
2	123	209
2	124	210
2	125	37
2	126	38
2	127	58
2	128	59
2	129	234
2	130	183
2	131	184
2	132	50
2	133	51
2	134	56
2	135	57
2	136	52
2	137	53
2	138	54
2	139	55
2	140	66
2	141	67
2	142	68
2	143	236
2	144	106
2	145	107
2	146	237
2	147	203
2	148	128
2	149	241
2	150	240
2	151	126
2	152	238
2	153	124
2	154	239
2	155	125
2	156	122
2	157	235
2	158	83
2	159	177
2	160	178
2	161	211
2	162	72
2	163	73
2	164	98
2	165	99
2	166	213
2	167	120
2	168	121
2	169	90
2	170	91
2	171	222
2	172	223
2	173	224
2	174	170
2	175	171
2	176	86
2	177	87
2	178	108
2	179	114
2	180	133
2	181	134
2	182	135
2	183	136
2	184	196
2	185	197
2	186	116
2	187	117
2	188	230
2	189	207
2	190	225
2	191	220
2	192	221
2	193	216
2	194	217
2	195	231
2	196	232
2	197	226
2	198	227
2	199	84
2	200	85
2	201	77
2	202	78
2	203	104
2	204	105
2	205	115
2	206	111
2	207	112
2	208	198
2	209	228
2	210	229
2	211	218
2	212	219
2	213	215
2	214	200
2	215	137
2	216	233
2	217	113
2	218	242
2	219	131
2	220	138
2	221	139
2	222	140
2	223	141
2	224	142
2	225	143
2	226	1
2	227	2
2	228	3
2	229	4
2	230	5
2	231	6
2	232	7
2	233	8
2	234	9
2	235	144
2	236	145
2	237	146
2	238	243
2	239	244
2	240	245
2	241	147
2	242	148
2	243	149
2	244	246
2	245	247
2	246	248
2	247	249
2	248	250
2	249	150
2	250	151
2	251	251
3	1	1
3	2	2
3	3	3
3	4	4
3	5	5
3	6	6
3	7	7
3	8	8
3	9	9
3	10	10
3	11	11
3	12	12
3	13	13
3	14	14
3	15	15
3	16	16
3	17	17
3	18	18
3	19	19
3	20	20
3	21	21
3	22	22
3	23	23
3	24	24
3	25	25
3	26	26
3	27	27
3	28	28
3	29	29
3	30	30
3	31	31
3	32	32
3	33	33
3	34	34
3	35	35
3	36	36
3	37	37
3	38	38
3	39	39
3	40	40
3	41	41
3	42	42
3	43	43
3	44	44
3	45	45
3	46	46
3	47	47
3	48	48
3	49	49
3	50	50
3	51	51
3	52	52
3	53	53
3	54	54
3	55	55
3	56	56
3	57	57
3	58	58
3	59	59
3	60	60
3	61	61
3	62	62
3	63	63
3	64	64
3	65	65
3	66	66
3	67	67
3	68	68
3	69	69
3	70	70
3	71	71
3	72	72
3	73	73
3	74	74
3	75	75
3	76	76
3	77	77
3	78	78
3	79	79
3	80	80
3	81	81
3	82	82
3	83	83
3	84	84
3	85	85
3	86	86
3	87	87
3	88	88
3	89	89
3	90	90
3	91	91
3	92	92
3	93	93
3	94	94
3	95	95
3	96	96
3	97	97
3	98	98
3	99	99
3	100	100
3	101	101
3	102	102
3	103	103
3	104	104
3	105	105
3	106	106
3	107	107
3	108	108
3	109	109
3	110	110
3	111	111
3	112	112
3	113	113
3	114	114
3	115	115
3	116	116
3	117	117
3	118	118
3	119	119
3	120	120
3	121	121
3	122	122
3	123	123
3	124	124
3	125	125
3	126	126
3	127	127
3	128	128
3	129	129
3	130	130
3	131	131
3	132	132
3	133	133
3	134	134
3	135	135
3	136	136
3	137	137
3	138	138
3	139	139
3	140	140
3	141	141
3	142	142
3	143	143
3	144	144
3	145	145
3	146	146
3	147	147
3	148	148
3	149	149
3	150	150
3	151	151
3	152	152
3	153	153
3	154	154
3	155	155
3	156	156
3	157	157
3	158	158
3	159	159
3	160	160
3	161	161
3	162	162
3	163	163
3	164	164
3	165	165
3	166	166
3	167	167
3	168	168
3	169	169
3	170	170
3	171	171
3	172	172
3	173	173
3	174	174
3	175	175
3	176	176
3	177	177
3	178	178
3	179	179
3	180	180
3	181	181
3	182	182
3	183	183
3	184	184
3	185	185
3	186	186
3	187	187
3	188	188
3	189	189
3	190	190
3	191	191
3	192	192
3	193	193
3	194	194
3	195	195
3	196	196
3	197	197
3	198	198
3	199	199
3	200	200
3	201	201
3	202	202
3	203	203
3	204	204
3	205	205
3	206	206
3	207	207
3	208	208
3	209	209
3	210	210
3	211	211
3	212	212
3	213	213
3	214	214
3	215	215
3	216	216
3	217	217
3	218	218
3	219	219
3	220	220
3	221	221
3	222	222
3	223	223
3	224	224
3	225	225
3	226	226
3	227	227
3	228	228
3	229	229
3	230	230
3	231	231
3	232	232
3	233	233
3	234	234
3	235	235
3	236	236
3	237	237
3	238	238
3	239	239
3	240	240
3	241	241
3	242	242
3	243	243
3	244	244
3	245	245
3	246	246
3	247	247
3	248	248
3	249	249
3	250	250
3	251	251
3	252	252
3	253	253
3	254	254
3	255	255
3	256	256
3	257	257
3	258	258
3	259	259
3	260	260
3	261	261
3	262	262
3	263	263
3	264	264
3	265	265
3	266	266
3	267	267
3	268	268
3	269	269
3	270	270
3	271	271
3	272	272
3	273	273
3	274	274
3	275	275
3	276	276
3	277	277
3	278	278
3	279	279
3	280	280
3	281	281
3	282	282
3	283	283
3	284	284
3	285	285
3	286	286
3	287	287
3	288	288
3	289	289
3	290	290
3	291	291
3	292	292
3	293	293
3	294	294
3	295	295
3	296	296
3	297	297
3	298	298
3	299	299
3	300	300
3	301	301
3	302	302
3	303	303
3	304	304
3	305	305
3	306	306
3	307	307
3	308	308
3	309	309
3	310	310
3	311	311
3	312	312
3	313	313
3	314	314
3	315	315
3	316	316
3	317	317
3	318	318
3	319	319
3	320	320
3	321	321
3	322	322
3	323	323
3	324	324
3	325	325
3	326	326
3	327	327
3	328	328
3	329	329
3	330	330
3	331	331
3	332	332
3	333	333
3	334	334
3	335	335
3	336	336
3	337	337
3	338	338
3	339	339
3	340	340
3	341	341
3	342	342
3	343	343
3	344	344
3	345	345
3	346	346
3	347	347
3	348	348
3	349	349
3	350	350
3	351	351
3	352	352
3	353	353
3	354	354
3	355	355
3	356	356
3	357	357
3	358	358
3	359	359
3	360	360
3	361	361
3	362	362
3	363	363
3	364	364
3	365	365
3	366	366
3	367	367
3	368	368
3	369	369
3	370	370
3	371	371
3	372	372
3	373	373
3	374	374
3	375	375
3	376	376
3	377	377
3	378	378
3	379	379
3	380	380
3	381	381
3	382	382
3	383	383
3	384	384
3	385	385
3	386	386
4	1	252
4	2	253
4	3	254
4	4	255
4	5	256
4	6	257
4	7	258
4	8	259
4	9	260
4	10	261
4	11	262
4	12	263
4	13	264
4	14	265
4	15	266
4	16	267
4	17	268
4	18	269
4	19	270
4	20	271
4	21	272
4	22	273
4	23	274
4	24	275
4	25	276
4	26	277
4	27	278
4	28	279
4	29	280
4	30	281
4	31	282
4	32	283
4	33	284
4	34	285
4	35	286
4	36	287
4	37	288
4	38	289
4	39	63
4	40	64
4	41	65
4	42	290
4	43	291
4	44	292
4	45	293
4	46	294
4	47	295
4	48	296
4	49	297
4	50	118
4	51	119
4	52	129
4	53	130
4	54	298
4	55	183
4	56	184
4	57	74
4	58	75
4	59	76
4	60	299
4	61	300
4	62	301
4	63	41
4	64	42
4	65	169
4	66	72
4	67	73
4	68	302
4	69	303
4	70	304
4	71	305
4	72	306
4	73	66
4	74	67
4	75	68
4	76	307
4	77	308
4	78	309
4	79	310
4	80	311
4	81	312
4	82	81
4	83	82
4	84	100
4	85	101
4	86	313
4	87	314
4	88	43
4	89	44
4	90	45
4	91	182
4	92	84
4	93	85
4	94	315
4	95	316
4	96	317
4	97	318
4	98	319
4	99	320
4	100	321
4	101	322
4	102	323
4	103	218
4	104	219
4	105	324
4	106	88
4	107	89
4	108	109
4	109	110
4	110	325
4	111	326
4	112	27
4	113	28
4	114	327
4	115	227
4	116	328
4	117	329
4	118	330
4	119	331
4	120	332
4	121	333
4	122	334
4	123	335
4	124	336
4	125	337
4	126	338
4	127	339
4	128	340
4	129	341
4	130	342
4	131	343
4	132	344
4	133	345
4	134	346
4	135	347
4	136	348
4	137	174
4	138	39
4	139	40
4	140	349
4	141	350
4	142	351
4	143	120
4	144	121
4	145	352
4	146	353
4	147	354
4	148	355
4	149	356
4	150	357
4	151	358
4	152	359
4	153	37
4	154	38
4	155	172
4	156	25
4	157	26
4	158	54
4	159	55
4	160	360
4	161	202
4	162	177
4	163	178
4	164	203
4	165	231
4	166	232
4	167	127
4	168	214
4	169	111
4	170	112
4	171	361
4	172	362
4	173	363
4	174	364
4	175	365
4	176	366
4	177	367
4	178	368
4	179	369
4	180	222
4	181	170
4	182	171
4	183	370
4	184	116
4	185	117
4	186	230
4	187	371
4	188	372
4	189	373
4	190	374
4	191	375
4	192	376
4	193	377
4	194	378
4	195	379
4	196	380
4	197	381
4	198	382
4	199	383
4	200	384
4	201	385
4	202	386
5	1	1
5	2	2
5	3	3
5	4	4
5	5	5
5	6	6
5	7	7
5	8	8
5	9	9
5	10	10
5	11	11
5	12	12
5	13	13
5	14	14
5	15	15
5	16	16
5	17	17
5	18	18
5	19	19
5	20	20
5	21	21
5	22	22
5	23	23
5	24	24
5	25	25
5	26	26
5	27	27
5	28	28
5	29	29
5	30	30
5	31	31
5	32	32
5	33	33
5	34	34
5	35	35
5	36	36
5	37	37
5	38	38
5	39	39
5	40	40
5	41	41
5	42	42
5	43	43
5	44	44
5	45	45
5	46	46
5	47	47
5	48	48
5	49	49
5	50	50
5	51	51
5	52	52
5	53	53
5	54	54
5	55	55
5	56	56
5	57	57
5	58	58
5	59	59
5	60	60
5	61	61
5	62	62
5	63	63
5	64	64
5	65	65
5	66	66
5	67	67
5	68	68
5	69	69
5	70	70
5	71	71
5	72	72
5	73	73
5	74	74
5	75	75
5	76	76
5	77	77
5	78	78
5	79	79
5	80	80
5	81	81
5	82	82
5	83	83
5	84	84
5	85	85
5	86	86
5	87	87
5	88	88
5	89	89
5	90	90
5	91	91
5	92	92
5	93	93
5	94	94
5	95	95
5	96	96
5	97	97
5	98	98
5	99	99
5	100	100
5	101	101
5	102	102
5	103	103
5	104	104
5	105	105
5	106	106
5	107	107
5	108	108
5	109	109
5	110	110
5	111	111
5	112	112
5	113	113
5	114	114
5	115	115
5	116	116
5	117	117
5	118	118
5	119	119
5	120	120
5	121	121
5	122	122
5	123	123
5	124	124
5	125	125
5	126	126
5	127	127
5	128	128
5	129	129
5	130	130
5	131	131
5	132	132
5	133	133
5	134	134
5	135	135
5	136	136
5	137	137
5	138	138
5	139	139
5	140	140
5	141	141
5	142	142
5	143	143
5	144	144
5	145	145
5	146	146
5	147	147
5	148	148
5	149	149
5	150	150
5	151	151
6	1	1
6	2	2
6	3	3
6	4	4
6	5	5
6	6	6
6	7	7
6	8	8
6	9	9
6	10	10
6	11	11
6	12	12
6	13	13
6	14	14
6	15	15
6	16	16
6	17	17
6	18	18
6	19	19
6	20	20
6	21	21
6	22	22
6	23	23
6	24	24
6	25	25
6	26	26
6	27	27
6	28	28
6	29	29
6	30	30
6	31	31
6	32	32
6	33	33
6	34	34
6	35	35
6	36	36
6	37	37
6	38	38
6	39	39
6	40	40
6	41	41
6	42	42
6	43	43
6	44	44
6	45	45
6	46	46
6	47	47
6	48	48
6	49	49
6	50	50
6	51	51
6	52	52
6	53	53
6	54	54
6	55	55
6	56	56
6	57	57
6	58	58
6	59	59
6	60	60
6	61	61
6	62	62
6	63	63
6	64	64
6	65	65
6	66	66
6	67	67
6	68	68
6	69	69
6	70	70
6	71	71
6	72	72
6	73	73
6	74	74
6	75	75
6	76	76
6	77	77
6	78	78
6	79	79
6	80	80
6	81	81
6	82	82
6	83	83
6	84	84
6	85	85
6	86	86
6	87	87
6	88	88
6	89	89
6	90	90
6	91	91
6	92	92
6	93	93
6	94	94
6	95	95
6	96	96
6	97	97
6	98	98
6	99	99
6	100	100
6	101	101
6	102	102
6	103	103
6	104	104
6	105	105
6	106	106
6	107	107
6	108	108
6	109	109
6	110	110
6	111	111
6	112	112
6	113	113
6	114	114
6	115	115
6	116	116
6	117	117
6	118	118
6	119	119
6	120	120
6	121	121
6	122	122
6	123	123
6	124	124
6	125	125
6	126	126
6	127	127
6	128	128
6	129	129
6	130	130
6	131	131
6	132	132
6	133	133
6	134	134
6	135	135
6	136	136
6	137	137
6	138	138
6	139	139
6	140	140
6	141	141
6	142	142
6	143	143
6	144	144
6	145	145
6	146	146
6	147	147
6	148	148
6	149	149
6	150	150
6	151	151
6	152	152
6	153	153
6	154	154
6	155	155
6	156	156
6	157	157
6	158	158
6	159	159
6	160	160
6	161	161
6	162	162
6	163	163
6	164	164
6	165	165
6	166	166
6	167	167
6	168	168
6	169	169
6	170	170
6	171	171
6	172	172
6	173	173
6	174	174
6	175	175
6	176	176
6	177	177
6	178	178
6	179	179
6	180	180
6	181	181
6	182	182
6	183	183
6	184	184
6	185	185
6	186	186
6	187	187
6	188	188
6	189	189
6	190	190
6	191	191
6	192	192
6	193	193
6	194	194
6	195	195
6	196	196
6	197	197
6	198	198
6	199	199
6	200	200
6	201	201
6	202	202
6	203	203
6	204	204
6	205	205
6	206	206
6	207	207
6	208	208
6	209	209
6	210	210
6	211	211
6	212	212
6	213	213
6	214	214
6	215	215
6	216	216
6	217	217
6	218	218
6	219	219
6	220	220
6	221	221
6	222	222
6	223	223
6	224	224
6	225	225
6	226	226
6	227	227
6	228	228
6	229	229
6	230	230
6	231	231
6	232	232
6	233	233
6	234	234
6	235	235
6	236	236
6	237	237
6	238	238
6	239	239
6	240	240
6	241	241
6	242	242
6	243	243
6	244	244
6	245	245
6	246	246
6	247	247
6	248	248
6	249	249
6	250	250
6	251	251
6	252	252
6	253	253
6	254	254
6	255	255
6	256	256
6	257	257
6	258	258
6	259	259
6	260	260
6	261	261
6	262	262
6	263	263
6	264	264
6	265	265
6	266	266
6	267	267
6	268	268
6	269	269
6	270	270
6	271	271
6	272	272
6	273	273
6	274	274
6	275	275
6	276	276
6	277	277
6	278	278
6	279	279
6	280	280
6	281	281
6	282	282
6	283	283
6	284	284
6	285	285
6	286	286
6	287	287
6	288	288
6	289	289
6	290	290
6	291	291
6	292	292
6	293	293
6	294	294
6	295	295
6	296	296
6	297	297
6	298	298
6	299	299
6	300	300
6	301	301
6	302	302
6	303	303
6	304	304
6	305	305
6	306	306
6	307	307
6	308	308
6	309	309
6	310	310
6	311	311
6	312	312
6	313	313
6	314	314
6	315	315
6	316	316
6	317	317
6	318	318
6	319	319
6	320	320
6	321	321
6	322	322
6	323	323
6	324	324
6	325	325
6	326	326
6	327	327
6	328	328
6	329	329
6	330	330
6	331	331
6	332	332
6	333	333
6	334	334
6	335	335
6	336	336
6	337	337
6	338	338
6	339	339
6	340	340
6	341	341
6	342	342
6	343	343
6	344	344
6	345	345
6	346	346
6	347	347
6	348	348
6	349	349
6	350	350
6	351	351
6	352	352
6	353	353
6	354	354
6	355	355
6	356	356
6	357	357
6	358	358
6	359	359
6	360	360
6	361	361
6	362	362
6	363	363
6	364	364
6	365	365
6	366	366
6	367	367
6	368	368
6	369	369
6	370	370
6	371	371
6	372	372
6	373	373
6	374	374
6	375	375
6	376	376
6	377	377
6	378	378
6	379	379
6	380	380
6	381	381
6	382	382
6	383	383
6	384	384
6	385	385
6	386	386
6	387	387
6	388	388
6	389	389
6	390	390
6	391	391
6	392	392
6	393	393
6	394	394
6	395	395
6	396	396
6	397	397
6	398	398
6	399	399
6	400	400
6	401	401
6	402	402
6	403	403
6	404	404
6	405	405
6	406	406
6	407	407
6	408	408
6	409	409
6	410	410
6	411	411
6	412	412
6	413	413
6	414	414
6	415	415
6	416	416
6	417	417
6	418	418
6	419	419
6	420	420
6	421	421
6	422	422
6	423	423
6	424	424
6	425	425
6	426	426
6	427	427
6	428	428
6	429	429
6	430	430
6	431	431
6	432	432
6	433	433
6	434	434
6	435	435
6	436	436
6	437	437
6	438	438
6	439	439
6	440	440
6	441	441
6	442	442
6	443	443
6	444	444
6	445	445
6	446	446
6	447	447
6	448	448
6	449	449
6	450	450
6	451	451
6	452	452
6	453	453
6	454	454
6	455	455
6	456	456
6	457	457
6	458	458
6	459	459
6	460	460
6	461	461
6	462	462
6	463	463
6	464	464
6	465	465
6	466	466
6	467	467
6	468	468
6	469	469
6	470	470
6	471	471
6	472	472
6	473	473
6	474	474
6	475	475
6	476	476
6	477	477
6	478	478
6	479	479
6	480	480
6	481	481
6	482	482
6	483	483
6	484	484
6	485	485
6	486	486
6	487	487
6	488	488
6	489	489
6	490	490
6	491	491
6	492	492
6	493	493
7	1	387
7	2	388
7	3	389
7	4	390
7	5	391
7	6	392
7	7	393
7	8	394
7	9	395
7	10	396
7	11	397
7	12	398
7	13	399
7	14	400
7	15	401
7	16	402
7	17	403
7	18	404
7	19	405
7	20	63
7	21	64
7	22	65
7	23	129
7	24	130
7	25	406
7	26	315
7	27	407
7	28	41
7	29	42
7	30	169
7	31	74
7	32	75
7	33	76
7	34	95
7	35	208
7	36	408
7	37	409
7	38	410
7	39	411
7	40	66
7	41	67
7	42	68
7	43	54
7	44	55
7	45	412
7	46	413
7	47	414
7	48	265
7	49	266
7	50	267
7	51	268
7	52	269
7	53	415
7	54	416
7	55	417
7	56	418
7	57	419
7	58	420
7	59	421
7	60	422
7	61	423
7	62	214
7	63	190
7	64	424
7	65	425
7	66	426
7	67	427
7	68	428
7	69	92
7	70	93
7	71	94
7	72	200
7	73	429
7	74	198
7	75	430
7	76	431
7	77	432
7	78	118
7	79	119
7	80	339
7	81	340
7	82	433
7	83	358
7	84	434
7	85	435
7	86	307
7	87	308
7	88	436
7	89	437
7	90	77
7	91	78
7	92	438
7	93	185
7	94	439
7	95	122
7	96	440
7	97	113
7	98	242
7	99	173
7	100	35
7	101	36
7	102	441
7	103	172
7	104	25
7	105	26
7	106	163
7	107	164
7	108	442
7	109	443
7	110	444
7	111	445
7	112	446
7	113	143
7	114	201
7	115	447
7	116	448
7	117	194
7	118	195
7	119	278
7	120	279
7	121	203
7	122	449
7	123	450
7	124	298
7	125	183
7	126	184
7	127	451
7	128	452
7	129	453
7	130	454
7	131	455
7	132	223
7	133	224
7	134	456
7	135	457
7	136	72
7	137	73
7	138	349
7	139	350
7	140	458
7	141	226
7	142	459
7	143	460
7	144	215
7	145	461
7	146	480
7	147	481
7	148	482
7	149	483
7	150	484
7	151	490
23	1	387
23	2	388
23	3	389
23	4	390
23	5	391
23	6	392
23	7	393
23	8	394
23	9	395
23	10	396
23	11	397
23	12	398
23	13	399
23	14	400
23	15	401
23	16	402
23	17	403
23	18	404
23	19	405
23	20	63
23	21	64
23	22	65
23	23	129
23	24	130
23	25	406
23	26	315
23	27	407
23	28	41
23	29	42
23	30	169
23	31	74
23	32	75
23	33	76
23	34	95
23	35	208
23	36	408
23	37	409
23	38	410
23	39	411
23	40	66
23	41	67
23	42	68
23	43	54
23	44	55
23	45	412
23	46	413
23	47	414
23	48	265
23	49	266
23	50	267
23	51	268
23	52	269
23	53	415
23	54	416
23	55	417
23	56	418
23	57	419
23	58	420
23	59	421
23	60	422
23	61	423
23	62	214
23	63	190
23	64	424
23	65	425
23	66	426
23	67	427
23	68	428
23	69	92
23	70	93
23	71	94
23	72	200
23	73	429
23	74	198
23	75	430
23	76	431
23	77	432
23	78	118
23	79	119
23	80	339
23	81	340
23	82	433
23	83	358
23	84	434
23	85	435
23	86	307
23	87	308
23	88	436
23	89	437
23	90	77
23	91	78
23	92	438
23	93	185
23	94	439
23	95	122
23	96	440
23	97	113
23	98	242
23	99	173
23	100	35
23	101	36
23	102	441
23	103	172
23	104	25
23	105	26
23	106	163
23	107	164
23	108	442
23	109	443
23	110	444
23	111	445
23	112	446
23	113	143
23	114	201
23	115	447
23	116	448
23	117	194
23	118	195
23	119	278
23	120	279
23	121	203
23	122	449
23	123	450
23	124	298
23	125	183
23	126	184
23	127	451
23	128	452
23	129	453
23	130	454
23	131	455
23	132	223
23	133	224
23	134	456
23	135	457
23	136	72
23	137	73
23	138	349
23	139	350
23	140	458
23	141	226
23	142	459
23	143	460
23	144	215
23	145	461
23	146	480
23	147	481
23	148	482
23	149	483
23	150	484
23	151	490
23	152	479
23	153	207
23	154	472
23	155	299
23	156	476
23	157	280
23	158	281
23	159	282
23	160	475
23	161	108
23	162	463
23	163	133
23	164	134
23	165	135
23	166	136
23	167	196
23	168	197
23	169	470
23	170	471
23	171	333
23	172	334
23	173	175
23	174	176
23	175	468
23	176	228
23	177	229
23	178	81
23	179	82
23	180	462
23	181	114
23	182	465
23	183	193
23	184	469
23	185	357
23	186	111
23	187	112
23	188	464
23	189	355
23	190	356
23	191	477
23	192	137
23	193	233
23	194	474
23	195	123
23	196	212
23	197	239
23	198	125
23	199	466
23	200	240
23	201	126
23	202	467
23	203	220
23	204	221
23	205	473
23	206	361
23	207	362
23	208	478
23	209	359
23	210	487
8	1	152
8	2	153
8	3	154
8	4	155
8	5	156
8	6	157
8	7	158
8	8	159
8	9	160
8	10	16
8	11	17
8	12	18
8	13	21
8	14	22
8	15	163
8	16	164
8	17	19
8	18	20
8	19	161
8	20	162
8	21	172
8	22	25
8	23	26
8	24	10
8	25	11
8	26	12
8	27	13
8	28	14
8	29	15
8	30	165
8	31	166
8	32	167
8	33	168
8	34	74
8	35	75
8	36	76
8	37	41
8	38	42
8	39	169
8	40	173
8	41	35
8	42	36
8	43	174
8	44	39
8	45	40
8	46	175
8	47	176
8	48	27
8	49	28
8	50	23
8	51	24
8	52	206
8	53	179
8	54	180
8	55	181
8	56	194
8	57	195
8	58	92
8	59	93
8	60	94
8	61	201
8	62	95
8	63	208
8	64	69
8	65	70
8	66	71
8	67	187
8	68	188
8	69	189
8	70	46
8	71	47
8	72	60
8	73	61
8	74	62
8	75	186
8	76	129
8	77	130
8	78	118
8	79	119
8	80	79
8	81	80
8	82	199
8	83	43
8	84	44
8	85	45
8	86	182
8	87	96
8	88	97
8	89	63
8	90	64
8	91	65
8	92	132
8	93	204
8	94	205
8	95	29
8	96	30
8	97	31
8	98	32
8	99	33
8	100	34
8	101	193
8	102	469
8	103	191
8	104	192
8	105	102
8	106	103
8	107	185
8	108	202
8	109	48
8	110	49
8	111	123
8	112	212
8	113	127
8	114	214
8	115	109
8	116	110
8	117	88
8	118	89
8	119	81
8	120	82
8	121	100
8	122	101
8	123	190
8	124	424
8	125	209
8	126	210
8	127	37
8	128	38
8	129	58
8	130	59
8	131	234
8	132	183
8	133	184
8	134	50
8	135	51
8	136	56
8	137	57
8	138	52
8	139	53
8	140	54
8	141	55
8	142	66
8	143	67
8	144	68
8	145	236
8	146	106
8	147	107
8	148	237
8	149	203
8	150	128
8	151	241
8	152	240
8	153	126
8	154	238
8	155	124
8	156	239
8	157	125
8	158	122
8	159	235
8	160	83
8	161	177
8	162	178
8	163	211
8	164	72
8	165	73
8	166	98
8	167	99
8	168	213
8	169	120
8	170	121
8	171	90
8	172	91
8	173	222
8	174	223
8	175	224
8	176	170
8	177	171
8	178	86
8	179	87
8	180	108
8	181	463
8	182	114
8	183	465
8	184	133
8	185	134
8	186	135
8	187	136
8	188	196
8	189	197
8	190	116
8	191	117
8	192	230
8	193	207
8	194	225
8	195	220
8	196	221
8	197	473
8	198	216
8	199	217
8	200	231
8	201	232
8	202	226
8	203	227
8	204	84
8	205	85
8	206	77
8	207	78
8	208	104
8	209	105
8	210	115
8	211	111
8	212	112
8	213	198
8	214	228
8	215	229
8	216	218
8	217	219
8	218	215
8	219	200
8	220	137
8	221	233
8	222	113
8	223	242
8	224	131
8	225	138
8	226	139
8	227	140
8	228	141
8	229	142
8	230	143
8	231	1
8	232	2
8	233	3
8	234	4
8	235	5
8	236	6
8	237	7
8	238	8
8	239	9
8	240	144
8	241	145
8	242	146
8	243	243
8	244	244
8	245	245
8	246	147
8	247	148
8	248	149
8	249	246
8	250	247
8	251	248
8	252	249
8	253	250
8	254	150
8	255	151
8	256	251
9	1	1
9	2	2
9	3	3
9	4	4
9	5	5
9	6	6
9	7	7
9	8	8
9	9	9
9	10	10
9	11	11
9	12	12
9	13	13
9	14	14
9	15	15
9	16	16
9	17	17
9	18	18
9	19	19
9	20	20
9	21	21
9	22	22
9	23	23
9	24	24
9	25	25
9	26	26
9	27	27
9	28	28
9	29	29
9	30	30
9	31	31
9	32	32
9	33	33
9	34	34
9	35	35
9	36	36
9	37	37
9	38	38
9	39	39
9	40	40
9	41	41
9	42	42
9	43	43
9	44	44
9	45	45
9	46	46
9	47	47
9	48	48
9	49	49
9	50	50
9	51	51
9	52	52
9	53	53
9	54	54
9	55	55
9	56	56
9	57	57
9	58	58
9	59	59
9	60	60
9	61	61
9	62	62
9	63	63
9	64	64
9	65	65
9	66	66
9	67	67
9	68	68
9	69	69
9	70	70
9	71	71
9	72	72
9	73	73
9	74	74
9	75	75
9	76	76
9	77	77
9	78	78
9	79	79
9	80	80
9	81	81
9	82	82
9	83	83
9	84	84
9	85	85
9	86	86
9	87	87
9	88	88
9	89	89
9	90	90
9	91	91
9	92	92
9	93	93
9	94	94
9	95	95
9	96	96
9	97	97
9	98	98
9	99	99
9	100	100
9	101	101
9	102	102
9	103	103
9	104	104
9	105	105
9	106	106
9	107	107
9	108	108
9	109	109
9	110	110
9	111	111
9	112	112
9	113	113
9	114	114
9	115	115
9	116	116
9	117	117
9	118	118
9	119	119
9	120	120
9	121	121
9	122	122
9	123	123
9	124	124
9	125	125
9	126	126
9	127	127
9	128	128
9	129	129
9	130	130
9	131	131
9	132	132
9	133	133
9	134	134
9	135	135
9	136	136
9	137	137
9	138	138
9	139	139
9	140	140
9	141	141
9	142	142
9	143	143
9	144	144
9	145	145
9	146	146
9	147	147
9	148	148
9	149	149
9	150	150
9	151	151
9	152	152
9	153	153
9	154	154
9	155	155
9	156	156
9	157	157
9	158	158
9	159	159
9	160	160
9	161	161
9	162	162
9	163	163
9	164	164
9	165	165
9	166	166
9	167	167
9	168	168
9	169	169
9	170	170
9	171	171
9	172	172
9	173	173
9	174	174
9	175	175
9	176	176
9	177	177
9	178	178
9	179	179
9	180	180
9	181	181
9	182	182
9	183	183
9	184	184
9	185	185
9	186	186
9	187	187
9	188	188
9	189	189
9	190	190
9	191	191
9	192	192
9	193	193
9	194	194
9	195	195
9	196	196
9	197	197
9	198	198
9	199	199
9	200	200
9	201	201
9	202	202
9	203	203
9	204	204
9	205	205
9	206	206
9	207	207
9	208	208
9	209	209
9	210	210
9	211	211
9	212	212
9	213	213
9	214	214
9	215	215
9	216	216
9	217	217
9	218	218
9	219	219
9	220	220
9	221	221
9	222	222
9	223	223
9	224	224
9	225	225
9	226	226
9	227	227
9	228	228
9	229	229
9	230	230
9	231	231
9	232	232
9	233	233
9	234	234
9	235	235
9	236	236
9	237	237
9	238	238
9	239	239
9	240	240
9	241	241
9	242	242
9	243	243
9	244	244
9	245	245
9	246	246
9	247	247
9	248	248
9	249	249
9	250	250
9	251	251
9	252	252
9	253	253
9	254	254
9	255	255
9	256	256
9	257	257
9	258	258
9	259	259
9	260	260
9	261	261
9	262	262
9	263	263
9	264	264
9	265	265
9	266	266
9	267	267
9	268	268
9	269	269
9	270	270
9	271	271
9	272	272
9	273	273
9	274	274
9	275	275
9	276	276
9	277	277
9	278	278
9	279	279
9	280	280
9	281	281
9	282	282
9	283	283
9	284	284
9	285	285
9	286	286
9	287	287
9	288	288
9	289	289
9	290	290
9	291	291
9	292	292
9	293	293
9	294	294
9	295	295
9	296	296
9	297	297
9	298	298
9	299	299
9	300	300
9	301	301
9	302	302
9	303	303
9	304	304
9	305	305
9	306	306
9	307	307
9	308	308
9	309	309
9	310	310
9	311	311
9	312	312
9	313	313
9	314	314
9	315	315
9	316	316
9	317	317
9	318	318
9	319	319
9	320	320
9	321	321
9	322	322
9	323	323
9	324	324
9	325	325
9	326	326
9	327	327
9	328	328
9	329	329
9	330	330
9	331	331
9	332	332
9	333	333
9	334	334
9	335	335
9	336	336
9	337	337
9	338	338
9	339	339
9	340	340
9	341	341
9	342	342
9	343	343
9	344	344
9	345	345
9	346	346
9	347	347
9	348	348
9	349	349
9	350	350
9	351	351
9	352	352
9	353	353
9	354	354
9	355	355
9	356	356
9	357	357
9	358	358
9	359	359
9	360	360
9	361	361
9	362	362
9	363	363
9	364	364
9	365	365
9	366	366
9	367	367
9	368	368
9	369	369
9	370	370
9	371	371
9	372	372
9	373	373
9	374	374
9	375	375
9	376	376
9	377	377
9	378	378
9	379	379
9	380	380
9	381	381
9	382	382
9	383	383
9	384	384
9	385	385
9	386	386
9	387	387
9	388	388
9	389	389
9	390	390
9	391	391
9	392	392
9	393	393
9	394	394
9	395	395
9	396	396
9	397	397
9	398	398
9	399	399
9	400	400
9	401	401
9	402	402
9	403	403
9	404	404
9	405	405
9	406	406
9	407	407
9	408	408
9	409	409
9	410	410
9	411	411
9	412	412
9	413	413
9	414	414
9	415	415
9	416	416
9	417	417
9	418	418
9	419	419
9	420	420
9	421	421
9	422	422
9	423	423
9	424	424
9	425	425
9	426	426
9	427	427
9	428	428
9	429	429
9	430	430
9	431	431
9	432	432
9	433	433
9	434	434
9	435	435
9	436	436
9	437	437
9	438	438
9	439	439
9	440	440
9	441	441
9	442	442
9	443	443
9	444	444
9	445	445
9	446	446
9	447	447
9	448	448
9	449	449
9	450	450
9	451	451
9	452	452
9	453	453
9	454	454
9	455	455
9	456	456
9	457	457
9	458	458
9	459	459
9	460	460
9	461	461
9	462	462
9	463	463
9	464	464
9	465	465
9	466	466
9	467	467
9	468	468
9	469	469
9	470	470
9	471	471
9	472	472
9	473	473
9	474	474
9	475	475
9	476	476
9	477	477
9	478	478
9	479	479
9	480	480
9	481	481
9	482	482
9	483	483
9	484	484
9	485	485
9	486	486
9	487	487
9	488	488
9	489	489
9	490	490
9	491	491
9	492	492
9	493	493
9	494	494
9	495	495
9	496	496
9	497	497
9	498	498
9	499	499
9	500	500
9	501	501
9	502	502
9	503	503
9	504	504
9	505	505
9	506	506
9	507	507
9	508	508
9	509	509
9	510	510
9	511	511
9	512	512
9	513	513
9	514	514
9	515	515
9	516	516
9	517	517
9	518	518
9	519	519
9	520	520
9	521	521
9	522	522
9	523	523
9	524	524
9	525	525
9	526	526
9	527	527
9	528	528
9	529	529
9	530	530
9	531	531
9	532	532
9	533	533
9	534	534
9	535	535
9	536	536
9	537	537
9	538	538
9	539	539
9	540	540
9	541	541
9	542	542
9	543	543
9	544	544
9	545	545
9	546	546
9	547	547
9	548	548
9	549	549
9	550	550
9	551	551
9	552	552
9	553	553
9	554	554
9	555	555
9	556	556
9	557	557
9	558	558
9	559	559
9	560	560
9	561	561
9	562	562
9	563	563
9	564	564
9	565	565
9	566	566
9	567	567
9	568	568
9	569	569
9	570	570
9	571	571
9	572	572
9	573	573
9	574	574
9	575	575
9	576	576
9	577	577
9	578	578
9	579	579
9	580	580
9	581	581
9	582	582
9	583	583
9	584	584
9	585	585
9	586	586
9	587	587
9	588	588
9	589	589
9	590	590
9	591	591
9	592	592
9	593	593
9	594	594
9	595	595
9	596	596
9	597	597
9	598	598
9	599	599
9	600	600
9	601	601
9	602	602
9	603	603
9	604	604
9	605	605
9	606	606
9	607	607
9	608	608
9	609	609
9	610	610
9	611	611
9	612	612
9	613	613
9	614	614
9	615	615
9	616	616
9	617	617
9	618	618
9	619	619
9	620	620
9	621	621
9	622	622
9	623	623
9	624	624
9	625	625
9	626	626
9	627	627
9	628	628
9	629	629
9	630	630
9	631	631
9	632	632
9	633	633
9	634	634
9	635	635
9	636	636
9	637	637
9	638	638
9	639	639
9	640	640
9	641	641
9	642	642
9	643	643
9	644	644
9	645	645
9	646	646
9	647	647
9	648	648
9	649	649
10	0	494
10	1	495
10	2	496
10	3	497
10	4	498
10	5	499
10	6	500
10	7	501
10	8	502
10	9	503
10	10	504
10	11	505
10	12	506
10	13	507
10	14	508
10	15	509
10	16	510
10	17	511
10	18	512
10	19	513
10	20	514
10	21	515
10	22	516
10	23	517
10	24	518
10	25	519
10	26	520
10	27	521
10	28	522
10	29	523
10	30	524
10	31	525
10	32	526
10	33	527
10	34	528
10	35	529
10	36	530
10	37	531
10	38	532
10	39	533
10	40	534
10	41	535
10	42	536
10	43	537
10	44	538
10	45	539
10	46	540
10	47	541
10	48	542
10	49	543
10	50	544
10	51	545
10	52	546
10	53	547
10	54	548
10	55	549
10	56	550
10	57	551
10	58	552
10	59	553
10	60	554
10	61	555
10	62	556
10	63	557
10	64	558
10	65	559
10	66	560
10	67	561
10	68	562
10	69	563
10	70	564
10	71	565
10	72	566
10	73	567
10	74	568
10	75	569
10	76	570
10	77	571
10	78	572
10	79	573
10	80	574
10	81	575
10	82	576
10	83	577
10	84	578
10	85	579
10	86	580
10	87	581
10	88	582
10	89	583
10	90	584
10	91	585
10	92	586
10	93	587
10	94	588
10	95	589
10	96	590
10	97	591
10	98	592
10	99	593
10	100	594
10	101	595
10	102	596
10	103	597
10	104	598
10	105	599
10	106	600
10	107	601
10	108	602
10	109	603
10	110	604
10	111	605
10	112	606
10	113	607
10	114	608
10	115	609
10	116	610
10	117	611
10	118	612
10	119	613
10	120	614
10	121	615
10	122	616
10	123	617
10	124	618
10	125	619
10	126	620
10	127	621
10	128	622
10	129	623
10	130	624
10	131	625
10	132	626
10	133	627
10	134	628
10	135	629
10	136	630
10	137	631
10	138	632
10	139	633
10	140	634
10	141	635
10	142	636
10	143	637
10	144	638
10	145	639
10	146	640
10	147	641
10	148	642
10	149	643
10	150	644
10	151	645
10	152	646
10	153	647
10	154	648
10	155	649
11	0	494
11	1	495
11	2	496
11	3	497
11	4	498
11	5	499
11	6	500
11	7	501
11	8	502
11	9	503
11	10	504
11	11	505
11	12	509
11	13	510
11	14	519
11	15	520
11	16	521
11	17	540
11	18	541
11	19	542
11	20	191
11	21	192
11	22	506
11	23	507
11	24	508
11	25	179
11	26	180
11	27	181
11	28	54
11	29	55
11	30	298
11	31	183
11	32	184
11	33	447
11	34	448
11	35	206
11	36	531
11	37	511
11	38	512
11	39	513
11	40	514
11	41	515
11	42	516
11	43	543
11	44	544
11	45	545
11	46	109
11	47	110
11	48	81
11	49	82
11	50	462
11	51	58
11	52	59
11	53	240
11	54	126
11	55	467
11	56	239
11	57	125
11	58	466
11	59	19
11	60	20
11	61	41
11	62	42
11	63	169
11	64	88
11	65	89
11	66	527
11	67	528
11	68	524
11	69	525
11	70	526
11	71	95
11	72	208
11	73	532
11	74	533
11	75	534
11	76	529
11	77	530
11	78	300
11	79	301
11	80	427
11	81	428
11	82	546
11	83	547
11	84	548
11	85	549
11	86	517
11	87	518
11	88	173
11	89	35
11	90	36
11	91	133
11	92	134
11	93	135
11	94	136
11	95	196
11	96	197
11	97	470
11	98	471
11	99	551
11	100	552
11	101	553
11	102	554
11	103	555
11	104	550
11	105	568
11	106	569
11	107	572
11	108	573
11	109	627
11	110	628
11	111	629
11	112	630
11	113	27
11	114	28
11	115	557
11	116	558
11	117	559
11	118	560
11	119	556
11	120	561
11	121	328
11	122	329
11	123	330
11	124	562
11	125	563
11	126	564
11	127	565
11	128	566
11	129	567
11	130	599
11	131	600
11	132	601
11	133	406
11	134	315
11	135	407
11	136	574
11	137	575
11	138	576
11	139	577
11	140	578
11	141	579
11	142	415
11	143	416
11	144	587
11	145	214
11	146	127
11	147	522
11	148	523
11	149	418
11	150	419
11	151	570
11	152	571
11	153	580
11	154	581
11	155	588
11	156	589
11	157	616
11	158	617
11	159	585
11	160	586
11	161	590
11	162	591
11	163	351
11	164	299
11	165	476
11	166	304
11	167	305
11	168	306
11	169	343
11	170	344
11	171	636
11	172	637
11	173	595
11	174	596
11	175	597
11	176	598
11	177	602
11	178	603
11	179	604
11	180	592
11	181	593
11	182	594
11	183	610
11	184	611
11	185	612
11	186	335
11	187	336
11	188	605
11	189	606
11	190	607
11	191	608
11	192	609
11	193	631
11	194	632
11	195	613
11	196	614
11	197	615
11	198	641
11	199	642
11	200	645
11	201	451
11	202	452
11	203	227
11	204	322
11	205	323
11	206	325
11	207	326
11	208	425
11	209	426
11	210	353
11	211	354
11	212	278
11	213	279
11	214	337
11	215	338
11	216	359
11	217	114
11	218	465
11	219	619
11	220	620
11	221	207
11	222	472
11	223	624
11	224	625
11	225	638
11	226	639
11	227	640
11	228	535
11	229	536
11	230	537
11	231	618
11	232	213
11	233	458
11	234	226
11	235	223
11	236	224
11	237	222
11	238	120
11	239	121
11	240	320
11	241	321
11	242	131
11	243	363
11	244	364
11	245	365
11	246	333
11	247	334
11	248	37
11	249	38
11	250	436
11	251	437
11	252	215
11	253	461
11	254	225
11	255	582
11	256	583
11	257	584
11	258	220
11	259	221
11	260	473
11	261	132
11	262	374
11	263	375
11	264	376
11	265	86
11	266	87
11	267	538
11	268	539
11	269	626
11	270	621
11	271	622
11	272	623
11	273	633
11	274	634
11	275	635
11	276	287
11	277	288
11	278	289
11	279	341
11	280	342
11	281	174
11	282	39
11	283	40
11	284	108
11	285	463
11	286	193
11	287	469
11	288	357
11	289	455
11	290	453
11	291	454
11	292	246
11	293	247
11	294	248
11	295	643
11	296	644
11	297	646
11	298	647
11	299	648
11	300	649
12	1	1
12	2	2
12	3	3
12	4	4
12	5	5
12	6	6
12	7	7
12	8	8
12	9	9
12	10	10
12	11	11
12	12	12
12	13	13
12	14	14
12	15	15
12	16	16
12	17	17
12	18	18
12	19	19
12	20	20
12	21	21
12	22	22
12	23	23
12	24	24
12	25	25
12	26	26
12	27	27
12	28	28
12	29	29
12	30	30
12	31	31
12	32	32
12	33	33
12	34	34
12	35	35
12	36	36
12	37	37
12	38	38
12	39	39
12	40	40
12	41	41
12	42	42
12	43	43
12	44	44
12	45	45
12	46	46
12	47	47
12	48	48
12	49	49
12	50	50
12	51	51
12	52	52
12	53	53
12	54	54
12	55	55
12	56	56
12	57	57
12	58	58
12	59	59
12	60	60
12	61	61
12	62	62
12	63	63
12	64	64
12	65	65
12	66	66
12	67	67
12	68	68
12	69	69
12	70	70
12	71	71
12	72	72
12	73	73
12	74	74
12	75	75
12	76	76
12	77	77
12	78	78
12	79	79
12	80	80
12	81	81
12	82	82
12	83	83
12	84	84
12	85	85
12	86	86
12	87	87
12	88	88
12	89	89
12	90	90
12	91	91
12	92	92
12	93	93
12	94	94
12	95	95
12	96	96
12	97	97
12	98	98
12	99	99
12	100	100
12	101	101
12	102	102
12	103	103
12	104	104
12	105	105
12	106	106
12	107	107
12	108	108
12	109	109
12	110	110
12	111	111
12	112	112
12	113	113
12	114	114
12	115	115
12	116	116
12	117	117
12	118	118
12	119	119
12	120	120
12	121	121
12	122	122
12	123	123
12	124	124
12	125	125
12	126	126
12	127	127
12	128	128
12	129	129
12	130	130
12	131	131
12	132	132
12	133	133
12	134	134
12	135	135
12	136	136
12	137	137
12	138	138
12	139	139
12	140	140
12	141	141
12	142	142
12	143	143
12	144	144
12	145	145
12	146	146
12	147	147
12	148	148
12	149	149
12	150	150
12	151	151
12	152	152
12	153	153
12	154	154
12	155	155
12	156	156
12	157	157
12	158	158
12	159	159
12	160	160
12	161	161
12	162	162
12	163	163
12	164	164
12	165	165
12	166	166
12	167	167
12	168	168
12	169	169
12	170	170
12	171	171
12	172	172
12	173	173
12	174	174
12	175	175
12	176	176
12	177	177
12	178	178
12	179	179
12	180	180
12	181	181
12	182	182
12	183	183
12	184	184
12	185	185
12	186	186
12	187	187
12	188	188
12	189	189
12	190	190
12	191	191
12	192	192
12	193	193
12	194	194
12	195	195
12	196	196
12	197	197
12	198	198
12	199	199
12	200	200
12	201	201
12	202	202
12	203	203
12	204	204
12	205	205
12	206	206
12	207	207
12	208	208
12	209	209
12	210	210
12	211	211
12	212	212
12	213	213
12	214	214
12	215	215
12	216	216
12	217	217
12	218	218
12	219	219
12	220	220
12	221	221
12	222	222
12	223	223
12	224	224
12	225	225
12	226	226
12	227	227
12	228	228
12	229	229
12	230	230
12	231	231
12	232	232
12	233	233
12	234	234
12	235	235
12	236	236
12	237	237
12	238	238
12	239	239
12	240	240
12	241	241
12	242	242
12	243	243
12	244	244
12	245	245
12	246	246
12	247	247
12	248	248
12	249	249
12	250	250
12	251	251
12	252	252
12	253	253
12	254	254
12	255	255
12	256	256
12	257	257
12	258	258
12	259	259
12	260	260
12	261	261
12	262	262
12	263	263
12	264	264
12	265	265
12	266	266
12	267	267
12	268	268
12	269	269
12	270	270
12	271	271
12	272	272
12	273	273
12	274	274
12	275	275
12	276	276
12	277	277
12	278	278
12	279	279
12	280	280
12	281	281
12	282	282
12	283	283
12	284	284
12	285	285
12	286	286
12	287	287
12	288	288
12	289	289
12	290	290
12	291	291
12	292	292
12	293	293
12	294	294
12	295	295
12	296	296
12	297	297
12	298	298
12	299	299
12	300	300
12	301	301
12	302	302
12	303	303
12	304	304
12	305	305
12	306	306
12	307	307
12	308	308
12	309	309
12	310	310
12	311	311
12	312	312
12	313	313
12	314	314
12	315	315
12	316	316
12	317	317
12	318	318
12	319	319
12	320	320
12	321	321
12	322	322
12	323	323
12	324	324
12	325	325
12	326	326
12	327	327
12	328	328
12	329	329
12	330	330
12	331	331
12	332	332
12	333	333
12	334	334
12	335	335
12	336	336
12	337	337
12	338	338
12	339	339
12	340	340
12	341	341
12	342	342
12	343	343
12	344	344
12	345	345
12	346	346
12	347	347
12	348	348
12	349	349
12	350	350
12	351	351
12	352	352
12	353	353
12	354	354
12	355	355
12	356	356
12	357	357
12	358	358
12	359	359
12	360	360
12	361	361
12	362	362
12	363	363
12	364	364
12	365	365
12	366	366
12	367	367
12	368	368
12	369	369
12	370	370
12	371	371
12	372	372
12	373	373
12	374	374
12	375	375
12	376	376
12	377	377
12	378	378
12	379	379
12	380	380
12	381	381
12	382	382
12	383	383
12	384	384
12	385	385
12	386	386
12	387	387
12	388	388
12	389	389
12	390	390
12	391	391
12	392	392
12	393	393
12	394	394
12	395	395
12	396	396
12	397	397
12	398	398
12	399	399
12	400	400
12	401	401
12	402	402
12	403	403
12	404	404
12	405	405
12	406	406
12	407	407
12	408	408
12	409	409
12	410	410
12	411	411
12	412	412
12	413	413
12	414	414
12	415	415
12	416	416
12	417	417
12	418	418
12	419	419
12	420	420
12	421	421
12	422	422
12	423	423
12	424	424
12	425	425
12	426	426
12	427	427
12	428	428
12	429	429
12	430	430
12	431	431
12	432	432
12	433	433
12	434	434
12	435	435
12	436	436
12	437	437
12	438	438
12	439	439
12	440	440
12	441	441
12	442	442
12	443	443
12	444	444
12	445	445
12	446	446
12	447	447
12	448	448
12	449	449
12	450	450
12	451	451
12	452	452
12	453	453
12	454	454
12	455	455
12	456	456
12	457	457
12	458	458
12	459	459
12	460	460
12	461	461
12	462	462
12	463	463
12	464	464
12	465	465
12	466	466
12	467	467
12	468	468
12	469	469
12	470	470
12	471	471
12	472	472
12	473	473
12	474	474
12	475	475
12	476	476
12	477	477
12	478	478
12	479	479
12	480	480
12	481	481
12	482	482
12	483	483
12	484	484
12	485	485
12	486	486
12	487	487
12	488	488
12	489	489
12	490	490
12	491	491
12	492	492
12	493	493
12	494	494
12	495	495
12	496	496
12	497	497
12	498	498
12	499	499
12	500	500
12	501	501
12	502	502
12	503	503
12	504	504
12	505	505
12	506	506
12	507	507
12	508	508
12	509	509
12	510	510
12	511	511
12	512	512
12	513	513
12	514	514
12	515	515
12	516	516
12	517	517
12	518	518
12	519	519
12	520	520
12	521	521
12	522	522
12	523	523
12	524	524
12	525	525
12	526	526
12	527	527
12	528	528
12	529	529
12	530	530
12	531	531
12	532	532
12	533	533
12	534	534
12	535	535
12	536	536
12	537	537
12	538	538
12	539	539
12	540	540
12	541	541
12	542	542
12	543	543
12	544	544
12	545	545
12	546	546
12	547	547
12	548	548
12	549	549
12	550	550
12	551	551
12	552	552
12	553	553
12	554	554
12	555	555
12	556	556
12	557	557
12	558	558
12	559	559
12	560	560
12	561	561
12	562	562
12	563	563
12	564	564
12	565	565
12	566	566
12	567	567
12	568	568
12	569	569
12	570	570
12	571	571
12	572	572
12	573	573
12	574	574
12	575	575
12	576	576
12	577	577
12	578	578
12	579	579
12	580	580
12	581	581
12	582	582
12	583	583
12	584	584
12	585	585
12	586	586
12	587	587
12	588	588
12	589	589
12	590	590
12	591	591
12	592	592
12	593	593
12	594	594
12	595	595
12	596	596
12	597	597
12	598	598
12	599	599
12	600	600
12	601	601
12	602	602
12	603	603
12	604	604
12	605	605
12	606	606
12	607	607
12	608	608
12	609	609
12	610	610
12	611	611
12	612	612
12	613	613
12	614	614
12	615	615
12	616	616
12	617	617
12	618	618
12	619	619
12	620	620
12	621	621
12	622	622
12	623	623
12	624	624
12	625	625
12	626	626
12	627	627
12	628	628
12	629	629
12	630	630
12	631	631
12	632	632
12	633	633
12	634	634
12	635	635
12	636	636
12	637	637
12	638	638
12	639	639
12	640	640
12	641	641
12	642	642
12	643	643
12	644	644
12	645	645
12	646	646
12	647	647
12	648	648
12	649	649
12	650	650
12	651	651
12	652	652
12	653	653
12	654	654
12	655	655
12	656	656
12	657	657
12	658	658
12	659	659
12	660	660
12	661	661
12	662	662
12	663	663
12	664	664
12	665	665
12	666	666
12	667	667
12	668	668
12	669	669
12	670	670
12	671	671
12	672	672
12	673	673
12	674	674
12	675	675
12	676	676
12	677	677
12	678	678
12	679	679
12	680	680
12	681	681
12	682	682
12	683	683
12	684	684
12	685	685
12	686	686
12	687	687
12	688	688
12	689	689
12	690	690
12	691	691
12	692	692
12	693	693
12	694	694
12	695	695
12	696	696
12	697	697
12	698	698
12	699	699
12	700	700
12	701	701
12	702	702
12	703	703
12	704	704
12	705	705
12	706	706
12	707	707
12	708	708
12	709	709
12	710	710
12	711	711
12	712	712
12	713	713
12	714	714
12	715	715
12	716	716
12	717	717
12	718	718
12	719	719
12	720	720
12	721	721
13	1	650
13	2	651
13	3	652
13	4	653
13	5	654
13	6	655
13	7	656
13	8	657
13	9	658
13	10	659
13	11	660
13	12	263
13	13	264
13	14	661
13	15	662
13	16	663
13	17	16
13	18	17
13	19	18
13	20	664
13	21	665
13	22	666
13	23	10
13	24	11
13	25	12
13	26	13
13	27	14
13	28	15
13	29	511
13	30	512
13	31	513
13	32	514
13	33	515
13	34	516
13	35	172
13	36	25
13	37	26
13	38	399
13	39	400
13	40	206
13	41	298
13	42	183
13	43	184
13	44	412
13	45	413
13	46	414
13	47	283
13	48	284
13	49	129
13	50	130
13	51	341
13	52	342
13	53	118
13	54	119
13	55	318
13	56	319
13	57	667
13	58	668
13	59	54
13	60	55
13	61	83
13	62	447
13	63	448
13	64	280
13	65	281
13	66	282
13	67	475
13	68	669
13	69	670
13	70	671
13	71	406
13	72	315
13	73	407
13	74	165
13	75	166
13	76	415
13	77	416
13	78	300
13	79	301
13	80	1
13	81	2
13	82	3
13	83	4
13	84	5
13	85	6
13	86	7
13	87	8
13	88	9
13	89	672
13	90	673
13	91	674
13	92	675
13	93	676
13	94	84
13	95	85
13	96	311
13	97	312
13	98	316
13	99	317
13	100	559
13	101	560
13	102	63
13	103	64
13	104	65
13	105	43
13	106	44
13	107	45
13	108	182
13	109	161
13	110	162
13	111	290
13	112	291
13	113	292
13	114	677
13	115	678
13	116	352
13	117	679
13	118	680
13	119	681
13	120	543
13	121	544
13	122	545
13	123	531
13	124	235
13	125	453
13	126	454
13	127	580
13	128	581
13	129	682
13	130	683
13	131	684
13	132	685
13	133	313
13	134	314
13	135	187
13	136	188
13	137	189
13	138	446
13	139	143
13	140	293
13	141	294
13	142	295
13	143	307
13	144	308
13	145	41
13	146	42
13	147	169
13	148	610
13	149	611
13	150	612
13	151	719
13	152	720
13	153	721
14	1	425
14	2	426
14	3	619
14	4	620
14	5	335
14	6	336
14	7	325
14	8	326
14	9	359
14	10	686
14	11	687
14	12	337
14	13	338
14	14	371
14	15	372
14	16	373
14	17	278
14	18	279
14	19	276
14	20	277
14	21	688
14	22	689
14	23	557
14	24	558
14	25	72
14	26	73
14	27	320
14	28	321
14	29	370
14	30	690
14	31	691
14	32	692
14	33	693
14	34	120
14	35	121
14	36	90
14	37	91
14	38	211
14	39	116
14	40	117
14	41	230
14	42	369
14	43	551
14	44	552
14	45	553
14	46	694
14	47	695
14	48	449
14	49	450
14	50	111
14	51	112
14	52	464
14	53	95
14	54	208
14	55	527
14	56	528
14	57	66
14	58	67
14	59	68
14	60	104
14	61	105
14	62	115
14	63	303
14	64	696
14	65	697
14	66	698
14	67	699
14	68	142
14	69	597
14	70	598
14	71	209
14	72	210
14	73	309
14	74	310
14	75	228
14	76	229
14	77	133
14	78	134
14	79	135
14	80	136
14	81	196
14	82	197
14	83	470
14	84	471
14	85	700
14	86	587
14	87	193
14	88	469
14	89	701
14	90	561
14	91	622
14	92	623
14	93	299
14	94	476
14	95	296
14	96	297
14	97	538
14	98	539
14	99	396
14	100	397
14	101	398
14	102	434
14	103	435
14	104	29
14	105	30
14	106	31
14	107	32
14	108	33
14	109	34
14	110	702
14	111	433
14	112	358
14	113	439
14	114	122
14	115	577
14	116	578
14	117	579
14	118	360
14	119	202
14	120	524
14	121	525
14	122	526
14	123	302
14	124	703
14	125	128
14	126	241
14	127	179
14	128	180
14	129	181
14	130	127
14	131	214
14	132	417
14	133	79
14	134	80
14	135	199
14	136	102
14	137	103
14	138	441
14	139	458
14	140	226
14	141	366
14	142	367
14	143	368
14	144	223
14	145	224
14	146	222
14	147	170
14	148	171
14	149	594
14	150	131
14	151	144
14	152	145
14	153	146
15	1	50
15	2	51
15	3	328
15	4	329
15	5	330
15	6	443
15	7	444
15	8	445
15	9	74
15	10	75
15	11	76
15	12	218
15	13	219
15	14	213
15	15	451
15	16	452
15	17	194
15	18	195
15	19	704
15	20	705
15	21	706
15	22	588
15	23	589
15	24	616
15	25	617
15	26	69
15	27	70
15	28	71
15	29	455
15	30	92
15	31	93
15	32	94
15	33	60
15	34	61
15	35	62
15	36	186
15	37	23
15	38	24
15	39	618
15	40	339
15	41	340
15	42	509
15	43	510
15	44	261
15	45	262
15	46	504
15	47	505
15	48	624
15	49	625
15	50	707
15	51	198
15	52	430
15	53	590
15	54	591
15	55	270
15	56	271
15	57	272
15	58	418
15	59	419
15	60	550
15	61	708
15	62	709
15	63	710
15	64	711
15	65	607
15	66	608
15	67	609
15	68	479
15	69	81
15	70	82
15	71	462
15	72	100
15	73	101
15	74	568
15	75	569
15	76	220
15	77	221
15	78	473
15	79	712
15	80	713
15	81	613
15	82	614
15	83	238
15	84	124
15	85	582
15	86	583
15	87	584
15	88	459
15	89	460
15	90	225
15	91	215
15	92	461
15	93	532
15	94	533
15	95	534
15	96	324
15	97	27
15	98	28
15	99	304
15	100	305
15	101	306
15	102	246
15	103	247
15	104	248
15	105	631
15	106	632
15	107	167
15	108	168
15	109	21
15	110	22
15	111	615
15	112	227
15	113	714
15	114	715
15	115	207
15	116	472
15	117	163
15	118	164
15	119	174
15	120	39
15	121	40
15	122	353
15	123	354
15	124	570
15	125	571
15	126	574
15	127	575
15	128	576
15	129	438
15	130	185
15	131	327
15	132	216
15	133	217
15	134	108
15	135	463
15	136	123
15	137	212
15	138	132
15	139	333
15	140	334
15	141	621
15	142	633
15	143	634
15	144	635
15	145	147
15	146	148
15	147	149
15	148	716
15	149	717
15	150	718
15	151	150
16	1	252
16	2	253
16	3	254
16	4	255
16	5	256
16	6	257
16	7	258
16	8	259
16	9	260
16	10	261
16	11	262
16	12	263
16	13	264
16	14	265
16	15	266
16	16	267
16	17	268
16	18	269
16	19	270
16	20	271
16	21	272
16	22	273
16	23	274
16	24	275
16	25	276
16	26	277
16	27	278
16	28	279
16	29	280
16	30	281
16	31	282
16	32	475
16	33	283
16	34	284
16	35	285
16	36	286
16	37	287
16	38	288
16	39	289
16	40	63
16	41	64
16	42	65
16	43	290
16	44	291
16	45	292
16	46	293
16	47	294
16	48	295
16	49	296
16	50	297
16	51	118
16	52	119
16	53	129
16	54	130
16	55	298
16	56	183
16	57	184
16	58	74
16	59	75
16	60	76
16	61	299
16	62	476
16	63	300
16	64	301
16	65	41
16	66	42
16	67	169
16	68	72
16	69	73
16	70	302
16	71	303
16	72	304
16	73	305
16	74	306
16	75	66
16	76	67
16	77	68
16	78	307
16	79	308
16	80	309
16	81	310
16	82	311
16	83	312
16	84	81
16	85	82
16	86	462
16	87	100
16	88	101
16	89	313
16	90	314
16	91	43
16	92	44
16	93	45
16	94	182
16	95	84
16	96	85
16	97	406
16	98	315
16	99	407
16	100	316
16	101	317
16	102	318
16	103	319
16	104	320
16	105	321
16	106	322
16	107	323
16	108	218
16	109	219
16	110	324
16	111	88
16	112	89
16	113	109
16	114	110
16	115	325
16	116	326
16	117	27
16	118	28
16	119	327
16	120	227
16	121	328
16	122	329
16	123	330
16	124	331
16	125	332
16	126	333
16	127	334
16	128	335
16	129	336
16	130	337
16	131	338
16	132	339
16	133	340
16	134	341
16	135	342
16	136	343
16	137	344
16	138	345
16	139	346
16	140	347
16	141	348
16	142	174
16	143	39
16	144	40
16	145	349
16	146	350
16	147	351
16	148	120
16	149	121
16	150	352
16	151	353
16	152	354
16	153	355
16	154	356
16	155	477
16	156	357
16	157	433
16	158	358
16	159	359
16	160	37
16	161	38
16	162	172
16	163	25
16	164	26
16	165	54
16	166	55
16	167	360
16	168	202
16	169	177
16	170	178
16	171	203
16	172	231
16	173	232
16	174	127
16	175	214
16	176	111
16	177	112
16	178	464
16	179	361
16	180	362
16	181	478
16	182	363
16	183	364
16	184	365
16	185	366
16	186	367
16	187	368
16	188	369
16	189	222
16	190	170
16	191	171
16	192	370
16	193	116
16	194	117
16	195	230
16	196	371
16	197	372
16	198	373
16	199	374
16	200	375
16	201	376
16	202	377
16	203	378
16	204	379
16	205	380
16	206	381
16	207	382
16	208	383
16	209	384
16	210	385
16	211	386
17	1	1
17	2	2
17	3	3
17	4	4
17	5	5
17	6	6
17	7	7
17	8	8
17	9	9
17	10	10
17	11	11
17	12	12
17	13	13
17	14	14
17	15	15
17	16	16
17	17	17
17	18	18
17	19	19
17	20	20
17	21	21
17	22	22
17	23	23
17	24	24
17	25	25
17	26	26
17	27	27
17	28	28
17	29	29
17	30	30
17	31	31
17	32	32
17	33	33
17	34	34
17	35	35
17	36	36
17	37	37
17	38	38
17	39	39
17	40	40
17	41	41
17	42	42
17	43	43
17	44	44
17	45	45
17	46	46
17	47	47
17	48	48
17	49	49
17	50	50
17	51	51
17	52	52
17	53	53
17	54	54
17	55	55
17	56	56
17	57	57
17	58	58
17	59	59
17	60	60
17	61	61
17	62	62
17	63	63
17	64	64
17	65	65
17	66	66
17	67	67
17	68	68
17	69	69
17	70	70
17	71	71
17	72	72
17	73	73
17	74	74
17	75	75
17	76	76
17	77	77
17	78	78
17	79	79
17	80	80
17	81	81
17	82	82
17	83	83
17	84	84
17	85	85
17	86	86
17	87	87
17	88	88
17	89	89
17	90	90
17	91	91
17	92	92
17	93	93
17	94	94
17	95	95
17	96	96
17	97	97
17	98	98
17	99	99
17	100	100
17	101	101
17	102	102
17	103	103
17	104	104
17	105	105
17	106	106
17	107	107
17	108	108
17	109	109
17	110	110
17	111	111
17	112	112
17	113	113
17	114	114
17	115	115
17	116	116
17	117	117
17	118	118
17	119	119
17	120	120
17	121	121
17	122	122
17	123	123
17	124	124
17	125	125
17	126	126
17	127	127
17	128	128
17	129	129
17	130	130
17	131	131
17	132	132
17	133	133
17	134	134
17	135	135
17	136	136
17	137	137
17	138	138
17	139	139
17	140	140
17	141	141
17	142	142
17	143	143
17	144	144
17	145	145
17	146	146
17	147	147
17	148	148
17	149	149
17	150	150
17	151	151
18	152	152
18	153	153
18	154	154
18	155	155
18	156	156
18	157	157
18	158	158
18	159	159
18	160	160
18	161	161
18	162	162
18	163	163
18	164	164
18	165	165
18	166	166
18	167	167
18	168	168
18	169	169
18	170	170
18	171	171
18	172	172
18	173	173
18	174	174
18	175	175
18	176	176
18	177	177
18	178	178
18	179	179
18	180	180
18	181	181
18	182	182
18	183	183
18	184	184
18	185	185
18	186	186
18	187	187
18	188	188
18	189	189
18	190	190
18	191	191
18	192	192
18	193	193
18	194	194
18	195	195
18	196	196
18	197	197
18	198	198
18	199	199
18	200	200
18	201	201
18	202	202
18	203	203
18	204	204
18	205	205
18	206	206
18	207	207
18	208	208
18	209	209
18	210	210
18	211	211
18	212	212
18	213	213
18	214	214
18	215	215
18	216	216
18	217	217
18	218	218
18	219	219
18	220	220
18	221	221
18	222	222
18	223	223
18	224	224
18	225	225
18	226	226
18	227	227
18	228	228
18	229	229
18	230	230
18	231	231
18	232	232
18	233	233
18	234	234
18	235	235
18	236	236
18	237	237
18	238	238
18	239	239
18	240	240
18	241	241
18	242	242
18	243	243
18	244	244
18	245	245
18	246	246
18	247	247
18	248	248
18	249	249
18	250	250
18	251	251
19	252	252
19	253	253
19	254	254
19	255	255
19	256	256
19	257	257
19	258	258
19	259	259
19	260	260
19	261	261
19	262	262
19	263	263
19	264	264
19	265	265
19	266	266
19	267	267
19	268	268
19	269	269
19	270	270
19	271	271
19	272	272
19	273	273
19	274	274
19	275	275
19	276	276
19	277	277
19	278	278
19	279	279
19	280	280
19	281	281
19	282	282
19	283	283
19	284	284
19	285	285
19	286	286
19	287	287
19	288	288
19	289	289
19	290	290
19	291	291
19	292	292
19	293	293
19	294	294
19	295	295
19	296	296
19	297	297
19	298	298
19	299	299
19	300	300
19	301	301
19	302	302
19	303	303
19	304	304
19	305	305
19	306	306
19	307	307
19	308	308
19	309	309
19	310	310
19	311	311
19	312	312
19	313	313
19	314	314
19	315	315
19	316	316
19	317	317
19	318	318
19	319	319
19	320	320
19	321	321
19	322	322
19	323	323
19	324	324
19	325	325
19	326	326
19	327	327
19	328	328
19	329	329
19	330	330
19	331	331
19	332	332
19	333	333
19	334	334
19	335	335
19	336	336
19	337	337
19	338	338
19	339	339
19	340	340
19	341	341
19	342	342
19	343	343
19	344	344
19	345	345
19	346	346
19	347	347
19	348	348
19	349	349
19	350	350
19	351	351
19	352	352
19	353	353
19	354	354
19	355	355
19	356	356
19	357	357
19	358	358
19	359	359
19	360	360
19	361	361
19	362	362
19	363	363
19	364	364
19	365	365
19	366	366
19	367	367
19	368	368
19	369	369
19	370	370
19	371	371
19	372	372
19	373	373
19	374	374
19	375	375
19	376	376
19	377	377
19	378	378
19	379	379
19	380	380
19	381	381
19	382	382
19	383	383
19	384	384
19	385	385
19	386	386
20	387	387
20	388	388
20	389	389
20	390	390
20	391	391
20	392	392
20	393	393
20	394	394
20	395	395
20	396	396
20	397	397
20	398	398
20	399	399
20	400	400
20	401	401
20	402	402
20	403	403
20	404	404
20	405	405
20	406	406
20	407	407
20	408	408
20	409	409
20	410	410
20	411	411
20	412	412
20	413	413
20	414	414
20	415	415
20	416	416
20	417	417
20	418	418
20	419	419
20	420	420
20	421	421
20	422	422
20	423	423
20	424	424
20	425	425
20	426	426
20	427	427
20	428	428
20	429	429
20	430	430
20	431	431
20	432	432
20	433	433
20	434	434
20	435	435
20	436	436
20	437	437
20	438	438
20	439	439
20	440	440
20	441	441
20	442	442
20	443	443
20	444	444
20	445	445
20	446	446
20	447	447
20	448	448
20	449	449
20	450	450
20	451	451
20	452	452
20	453	453
20	454	454
20	455	455
20	456	456
20	457	457
20	458	458
20	459	459
20	460	460
20	461	461
20	462	462
20	463	463
20	464	464
20	465	465
20	466	466
20	467	467
20	468	468
20	469	469
20	470	470
20	471	471
20	472	472
20	473	473
20	474	474
20	475	475
20	476	476
20	477	477
20	478	478
20	479	479
20	480	480
20	481	481
20	482	482
20	483	483
20	484	484
20	485	485
20	486	486
20	487	487
20	488	488
20	489	489
20	490	490
20	491	491
20	492	492
20	493	493
21	494	494
21	495	495
21	496	496
21	497	497
21	498	498
21	499	499
21	500	500
21	501	501
21	502	502
21	503	503
21	504	504
21	505	505
21	506	506
21	507	507
21	508	508
21	509	509
21	510	510
21	511	511
21	512	512
21	513	513
21	514	514
21	515	515
21	516	516
21	517	517
21	518	518
21	519	519
21	520	520
21	521	521
21	522	522
21	523	523
21	524	524
21	525	525
21	526	526
21	527	527
21	528	528
21	529	529
21	530	530
21	531	531
21	532	532
21	533	533
21	534	534
21	535	535
21	536	536
21	537	537
21	538	538
21	539	539
21	540	540
21	541	541
21	542	542
21	543	543
21	544	544
21	545	545
21	546	546
21	547	547
21	548	548
21	549	549
21	550	550
21	551	551
21	552	552
21	553	553
21	554	554
21	555	555
21	556	556
21	557	557
21	558	558
21	559	559
21	560	560
21	561	561
21	562	562
21	563	563
21	564	564
21	565	565
21	566	566
21	567	567
21	568	568
21	569	569
21	570	570
21	571	571
21	572	572
21	573	573
21	574	574
21	575	575
21	576	576
21	577	577
21	578	578
21	579	579
21	580	580
21	581	581
21	582	582
21	583	583
21	584	584
21	585	585
21	586	586
21	587	587
21	588	588
21	589	589
21	590	590
21	591	591
21	592	592
21	593	593
21	594	594
21	595	595
21	596	596
21	597	597
21	598	598
21	599	599
21	600	600
21	601	601
21	602	602
21	603	603
21	604	604
21	605	605
21	606	606
21	607	607
21	608	608
21	609	609
21	610	610
21	611	611
21	612	612
21	613	613
21	614	614
21	615	615
21	616	616
21	617	617
21	618	618
21	619	619
21	620	620
21	621	621
21	622	622
21	623	623
21	624	624
21	625	625
21	626	626
21	627	627
21	628	628
21	629	629
21	630	630
21	631	631
21	632	632
21	633	633
21	634	634
21	635	635
21	636	636
21	637	637
21	638	638
21	639	639
21	640	640
21	641	641
21	642	642
21	643	643
21	644	644
21	645	645
21	646	646
21	647	647
21	648	648
21	649	649
22	650	650
22	651	651
22	652	652
22	653	653
22	654	654
22	655	655
22	656	656
22	657	657
22	658	658
22	659	659
22	660	660
22	661	661
22	662	662
22	663	663
22	664	664
22	665	665
22	666	666
22	667	667
22	668	668
22	669	669
22	670	670
22	671	671
22	672	672
22	673	673
22	674	674
22	675	675
22	676	676
22	677	677
22	678	678
22	679	679
22	680	680
22	681	681
22	682	682
22	683	683
22	684	684
22	685	685
22	686	686
22	687	687
22	688	688
22	689	689
22	690	690
22	691	691
22	692	692
22	693	693
22	694	694
22	695	695
22	696	696
22	697	697
22	698	698
22	699	699
22	700	700
22	701	701
22	702	702
22	703	703
22	704	704
22	705	705
22	706	706
22	707	707
22	708	708
22	709	709
22	710	710
22	711	711
22	712	712
22	713	713
22	714	714
22	715	715
22	716	716
22	717	717
22	718	718
22	719	719
22	720	720
22	721	721
